// north-west wall
-9.0  0.0  -39.0 0.0 0.0
-9.0  3.0  -39.0 0.0 3.0
-2.5  0.0  -39.0 6.5 0.0

//-9.0  3.0  -39.0 0.0 3.0
//-2.5  3.0  -39.0 6.5 3.0
//-2.5  0.0  -39.0 6.5 0.0

// north-east wall
2.5  0.0  -39.0 0.0 0.0
2.5  3.0  -39.0 0.0 3.0
9.0  0.0  -39.0 6.5 0.0

9.0  3.0  -39.0 6.5 3.0
2.5  3.0  -39.0 0.0 3.0
9.0  0.0  -39.0 6.5 0.0

// south-west wall
-9.0  0.0  39.0 0.0 0.0
-9.0  3.0  39.0 0.0 3.0
-2.5  0.0  39.0 6.5 0.0

-9.0  3.0  39.0 0.0 3.0
-2.5  3.0  39.0 6.5 3.0
-2.5  0.0  39.0 6.5 0.0

// south-east wall
2.5  0.0  39.0 0.0 0.0
2.5  3.0  39.0 0.0 3.0
9.0  0.0  39.0 6.5 0.0

9.0  3.0  39.0 6.5 3.0
2.5  3.0  39.0 0.0 3.0
9.0  0.0  39.0 6.5 0.0

// west wall
-9.0  0.0  39.0 0.0 0.0
-9.0  1.0  39.0 0.0 1.0
-9.0  0.0 -39.0 78.0 0.0

-9.0  1.0  39.0 0.0 1.0
-9.0  1.0 -39.0 78.0 1.0
-9.0  0.0 -39.0 78.0 0.0

// east wall
9.0  0.0  39.0 0.0 0.0
9.0  1.0  39.0 0.0 1.0
9.0  0.0 -39.0 78.0 0.0

9.0  1.0  39.0 0.0 1.0
9.0  1.0 -39.0 78.0 1.0
9.0  0.0 -39.0 78.0 0.0